
NASNetLarge 
Accuracy =  0.9568764568764568  Sensitivity =  0.9261005586592179  Specificity =  0.9662861842105263 
  F1 =  2.0  Precision =  0.9373334404740028



InceptionResNetV2
Accuracy =  0.971056721056721  Sensitivity =  0.9530484171322161  Specificity =  0.9794594298245615 
  F1 =  2.0  Precision =  0.951751113829809



MobileNetV2
Accuracy =  0.9628982128982129  Sensitivity =  0.9409590316573557  Specificity =  0.9736140350877194 
  F1 =  2.0  Precision =  0.9387666667978114


VGG 16

Accuracy =  0.9685314685314684  Sensitivity =  0.9475083798882681  Specificity =  0.9773519736842106 
  F1 =  2.0  Precision =  0.9480350861013895

